           CPU0       CPU1       CPU2       CPU3       CPU4       CPU5       CPU6       CPU7       CPU8       CPU9       CPU10      CPU11      CPU12      CPU13      CPU14      CPU15      
  0:         13          0          0          0          0          0          0          0          0          0          0          0          0          0          0          0  IR-IO-APIC   2-edge      timer
  8:          0          0          0          0          0          0          0          0          0          0          0          0          0          0          0          0  IR-IO-APIC   8-edge      rtc0
  9:          0          0          0          0          0          0          0          0          0          0          0          0          0          0          0          0  IR-IO-APIC   9-fasteoi   acpi
 10:          0       3020          0          0          0          0          0          0          0          0          0          0          0          0          0          0  IR-IO-APIC  10-edge      ipmi_si
 18:          0          0          0          0          0          0          0          0          0        235          0        168          0          0          0          0  IR-IO-APIC  18-fasteoi   ehci_hcd:usb1, ehci_hcd:usb2
 25:          0          0          0          0          0          0          0          0          0          0          0          0          0          0          0          0  IR-PCI-MSI 16384-edge      PCIe PME, aerdrv
 26:          0          0          0          0          0          0          0          0          0          0          0          0          0          0          0          0  IR-PCI-MSI 32768-edge      PCIe PME, aerdrv
 27:          0          0          0          0          0          0          0          0          0          0          0          0          0          0          0          0  IR-PCI-MSI 49152-edge      PCIe PME, aerdrv
 28:          0          0          0          0          0          0          0          0          0          0          0          0          0          0          0          0  IR-PCI-MSI 458752-edge      PCIe PME, pciehp
 29:          0          0          0          0          0          0          0          0          0          0          0          0          0          0          0          0  IR-PCI-MSI 460800-edge      PCIe PME, aerdrv
 30:          0          0          0          0          0          0          0          0          0          0          0          0          0          0          0          0  IR-PCI-MSI 462848-edge      PCIe PME, aerdrv
 31:          0          0          0          0          0          0          0          0          0          0          0          0          0          0          0          0  IR-PCI-MSI 464896-edge      PCIe PME, aerdrv
 35:          0          0          0          0          0          0          0          0          0          0          0          0          0          0          0          0  IR-PCI-MSI 286720-edge      ahci[0000:00:11.4]
 36:        296        368        345        512        416        577        552        280        490        336        761        224        696        336        849        854  IR-PCI-MSI 524288-edge      megasas0-msix0
 37:    1922159          0          0          0          0          0          0          0          0          0          0          0          0          0          0          0  IR-PCI-MSI 524289-edge      megasas0-msix1
 38:          0    1299932          0          0          0          0          0          0          0          0          0          0          0          0          0          0  IR-PCI-MSI 524290-edge      megasas0-msix2
 39:          0          0    1041397          0          0          0          0          0          0          0          0          0          0          0          0          0  IR-PCI-MSI 524291-edge      megasas0-msix3
 40:          0          0          0     915156          0          0          0          0          0          0          0          0          0          0          0          0  IR-PCI-MSI 524292-edge      megasas0-msix4
 41:          0          0          0          0     841450          0          0          0          0          0          0          0          0          0          0          0  IR-PCI-MSI 524293-edge      megasas0-msix5
 42:          0          0          0          0          0     813841          0          0          0          0          0          0          0          0          0          0  IR-PCI-MSI 524294-edge      megasas0-msix6
 43:          0          0          0          0          0          0     771698          0          0          0          0          0          0          0          0          0  IR-PCI-MSI 524295-edge      megasas0-msix7
 44:          0          0          0          0          0          0          0     744439          0          0          0          0          0          0          0          0  IR-PCI-MSI 524296-edge      megasas0-msix8
 45:          0          0          0          0          0          0          0          0     684196          0          0          0          0          0          0          0  IR-PCI-MSI 524297-edge      megasas0-msix9
 46:          0          0          0          0          0          0          0          0          0     727899          0          0          0          0          0          0  IR-PCI-MSI 524298-edge      megasas0-msix10
 47:          0          0          0          0          0          0          0          0          0          0     683517          0          0          0          0          0  IR-PCI-MSI 524299-edge      megasas0-msix11
 48:          0          0          0          0          0          0          0          0          0          0          0          0          0          0          0          0  DMAR-MSI   0-edge      dmar0
 49:          0          0          0          0          0          0          0          0          0          0          0     698770          0          0          0          0  IR-PCI-MSI 524300-edge      megasas0-msix12
 50:          0          0          0          0          0          0          0          0          0          0          0          0     652762          0          0          0  IR-PCI-MSI 524301-edge      megasas0-msix13
 51:          0          0          0          0          0          0          0          0          0          0          0          0          0     656538          0          0  IR-PCI-MSI 524302-edge      megasas0-msix14
 52:          0          0          0          0          0          0          0          0          0          0          0          0          0          0     644583          0  IR-PCI-MSI 524303-edge      megasas0-msix15
 53:          0          0          0          0          0          0          0          0          0          0          0          0          0          0          0     640058  IR-PCI-MSI 524304-edge      megasas0-msix16
 55:      33481      73339      29456      54194      28864      30388      89490      68768      54023      92468      29625      76397      32394      40244     109086      43855  IR-PCI-MSI 512000-edge      ahci[0000:00:1f.2]
 56:   15406707    3543166    3047570   14467838    7528965    6753972   10565881   12920087   21485472   11068933   34116940   10155480      67509   22392799    4134282   21264444  IR-PCI-MSI 2097152-edge      enp4s0-TxRx-0
 57:    5341054   16957962    5165375    4850882   10346876   13934918   11336592    3890661    6510844    9899270    9767061   19401676   14858121   15828273   22471634    2184185  IR-PCI-MSI 2097153-edge      enp4s0-TxRx-1
 58:    8958071    6730175   17009576   19114353   15080734    9180151    6251267    6621119   24037464   14497666    2265825   16481125   10424795    9636444    6124840    2412133  IR-PCI-MSI 2097154-edge      enp4s0-TxRx-2
 59:   11109387   13630531    6091423   12704025    3780942   11490580   13175251    5141249    3616115   18853301    4585222    8280715    4757627   28199049   17187091   13194719  IR-PCI-MSI 2097155-edge      enp4s0-TxRx-3
 60:   28376917    2923156    5345165    5049633   17865926    5462681    8314062   13054697    3059509   13143354    6149420   20007741   15110573    9786923    8585416   10288616  IR-PCI-MSI 2097156-edge      enp4s0-TxRx-4
 61:   11135004   11733529   12859115   19722187    1133128   12286504   16859440   18456146   10697624    5255050    3470578    8129268    6032492    3339206   12874889   26698371  IR-PCI-MSI 2097157-edge      enp4s0-TxRx-5
 62:    3212478    9846715   15249459    5890879   21469175   16436668    4850656    2659456   13441398   21109112   12178743   10115298   13349873    6635786   13256740    5907804  IR-PCI-MSI 2097158-edge      enp4s0-TxRx-6
 63:    8145952    8753401   24082518   21345611   11046797    2437788    7154936    9557294    6147665    6961822    8225453   17086540   13114188    3847552    7413160   20482510  IR-PCI-MSI 2097159-edge      enp4s0-TxRx-7
 64:   11136771    5635516    4589584    8032765    7008180   17002265   12895884   18268228    5682613   28324288   13219405   15323974    6308485    3811670    6766066    3582425  IR-PCI-MSI 2097160-edge      enp4s0-TxRx-8
 65:    4656340   12247378    1944920   11776267    5618971   23564878   25572162   15279387    9914276    7607073   12976237    4747606   11211838    5337131   14417701   12180641  IR-PCI-MSI 2097161-edge      enp4s0-TxRx-9
 66:    7626404   29110695   18249328   13517220   10939897    6228573    7173241    5219051    8160673    5633244   16606027    6252323   10754363   16253699   16110531    2250076  IR-PCI-MSI 2097162-edge      enp4s0-TxRx-10
 67:      31623   19335998   16793523    5382057   10121768   12783737   10781807    5440923   19067363    3517351    6409339   17510845   29806461    4618323    8410490   13457113  IR-PCI-MSI 2097163-edge      enp4s0-TxRx-11
 68:   25315277    6911990    5666919   14590029    8710011   13402363   14739051    6403494    8678946    8959752   14076544   10485896    5861117   17836961    7634177   11478740  IR-PCI-MSI 2097164-edge      enp4s0-TxRx-12
 69:    6169375   17637053   12616408    4969813   24707404   16075639    5457239   16754089   11941324    3782400   10613226    7456031   12533360   12785347    8175670    5182238  IR-PCI-MSI 2097165-edge      enp4s0-TxRx-13
 70:    7377688    5984575   15911032    9307056    6077722    4361217   14647977   20460567   15347493   10607216   14360002    4237993   16383323    3142740   16239266   16475735  IR-PCI-MSI 2097166-edge      enp4s0-TxRx-14
 71:   23994583    4593815   11141492    9434235   12943756    5534185   11316296   18030754    8322446    8930509   10730155    6051121    7045436   15641818   13956321   10451260  IR-PCI-MSI 2097167-edge      enp4s0-TxRx-15
 72:          9         25         23         14          2          2         21         41          3         12         11          5          2          8         30         13  IR-PCI-MSI 2097168-edge      enp4s0
NMI:       7042       7888       7990       8224       8262       8265       8287       8361       8459       7857       7797       7588       7383       7361       7235       7216   Non-maskable interrupts
LOC:  176864814  158430081  160226971  159009556  153701705  156867170  156889600  158402605  157592721  153681141  157672931  152425482  147356867  152866825  152975846  156607301   Local timer interrupts
SPU:          0          0          0          0          0          0          0          0          0          0          0          0          0          0          0          0   Spurious interrupts
PMI:       7042       7888       7990       8224       8262       8265       8287       8361       8459       7857       7797       7588       7383       7361       7235       7216   Performance monitoring interrupts
IWI:    1954322    1889093    1860236    1842262    1923290    1923396    1898214    1921329    1769533    1860457    1873042    1853046    1862429    1855032    1845464    1880163   IRQ work interrupts
RTR:          1          0          0          0          0          0          0          0          0          0          0          0          0          0          0          0   APIC ICR read retries
RES:    3726529    3527030    3495563    3293552    3364952    3216122    3368267    3358624    3413542    3525336    3542703    3607710    3383420    3321926    3628366    3377470   Rescheduling interrupts
CAL:   48778596   37293080   33940642   32470140   32750040   32399828   32448402   32285689   31837126   31797039   31806591   31626066   31752190   31661130   31768057   31490839   Function call interrupts
TLB:    9801110   10376185   10260727   10425381   10585974   10600350   10558394   10714852   10539131   10416807   10412113   10250770   10203167   10351649   10220809   10051147   TLB shootdowns
TRM:          0          0          0          0          0          0          0          0          0          0          0          0          0          0          0          0   Thermal event interrupts
THR:          0          0          0          0          0          0          0          0          0          0          0          0          0          0          0          0   Threshold APIC interrupts
DFR:          0          0          0          0          0          0          0          0          0          0          0          0          0          0          0          0   Deferred Error APIC interrupts
MCE:          0          0          0          0          0          0          0          0          0          0          0          0          0          0          0          0   Machine check exceptions
MCP:       5673       5673       5673       5673       5673       5673       5673       5673       5673       5673       5673       5673       5673       5673       5673       5673   Machine check polls
ERR:          0
MIS:          0
PIN:          0          0          0          0          0          0          0          0          0          0          0          0          0          0          0          0   Posted-interrupt notification event
NPI:          0          0          0          0          0          0          0          0          0          0          0          0          0          0          0          0   Nested posted-interrupt event
PIW:          0          0          0          0          0          0          0          0          0          0          0          0          0          0          0          0   Posted-interrupt wakeup event
