           CPU0       CPU1       CPU2       CPU3       CPU4       CPU5       CPU6       CPU7       CPU8       CPU9       CPU10      CPU11      CPU12      CPU13      CPU14      CPU15      
  0:         13          0          0          0          0          0          0          0          0          0          0          0          0          0          0          0  IR-IO-APIC   2-edge      timer
  8:          0          0          0          0          0          0          0          0          0          0          0          0          0          0          0          0  IR-IO-APIC   8-edge      rtc0
  9:          0          0          0          0          0          0          0          0          0          0          0          0          0          0          0          0  IR-IO-APIC   9-fasteoi   acpi
 10:          0       3020          0          0          0          0          0          0          0          0          0          0          0          0          0          0  IR-IO-APIC  10-edge      ipmi_si
 18:          0          0          0          0          0          0          0          0          0        235          0        168          0          0          0          0  IR-IO-APIC  18-fasteoi   ehci_hcd:usb1, ehci_hcd:usb2
 25:          0          0          0          0          0          0          0          0          0          0          0          0          0          0          0          0  IR-PCI-MSI 16384-edge      PCIe PME, aerdrv
 26:          0          0          0          0          0          0          0          0          0          0          0          0          0          0          0          0  IR-PCI-MSI 32768-edge      PCIe PME, aerdrv
 27:          0          0          0          0          0          0          0          0          0          0          0          0          0          0          0          0  IR-PCI-MSI 49152-edge      PCIe PME, aerdrv
 28:          0          0          0          0          0          0          0          0          0          0          0          0          0          0          0          0  IR-PCI-MSI 458752-edge      PCIe PME, pciehp
 29:          0          0          0          0          0          0          0          0          0          0          0          0          0          0          0          0  IR-PCI-MSI 460800-edge      PCIe PME, aerdrv
 30:          0          0          0          0          0          0          0          0          0          0          0          0          0          0          0          0  IR-PCI-MSI 462848-edge      PCIe PME, aerdrv
 31:          0          0          0          0          0          0          0          0          0          0          0          0          0          0          0          0  IR-PCI-MSI 464896-edge      PCIe PME, aerdrv
 35:          0          0          0          0          0          0          0          0          0          0          0          0          0          0          0          0  IR-PCI-MSI 286720-edge      ahci[0000:00:11.4]
 36:        296        368        345        512        416        577        552        280        490        336        761        224        696        336        849        854  IR-PCI-MSI 524288-edge      megasas0-msix0
 37:    1912956          0          0          0          0          0          0          0          0          0          0          0          0          0          0          0  IR-PCI-MSI 524289-edge      megasas0-msix1
 38:          0    1294688          0          0          0          0          0          0          0          0          0          0          0          0          0          0  IR-PCI-MSI 524290-edge      megasas0-msix2
 39:          0          0    1036931          0          0          0          0          0          0          0          0          0          0          0          0          0  IR-PCI-MSI 524291-edge      megasas0-msix3
 40:          0          0          0     910813          0          0          0          0          0          0          0          0          0          0          0          0  IR-PCI-MSI 524292-edge      megasas0-msix4
 41:          0          0          0          0     838661          0          0          0          0          0          0          0          0          0          0          0  IR-PCI-MSI 524293-edge      megasas0-msix5
 42:          0          0          0          0          0     810463          0          0          0          0          0          0          0          0          0          0  IR-PCI-MSI 524294-edge      megasas0-msix6
 43:          0          0          0          0          0          0     768069          0          0          0          0          0          0          0          0          0  IR-PCI-MSI 524295-edge      megasas0-msix7
 44:          0          0          0          0          0          0          0     741274          0          0          0          0          0          0          0          0  IR-PCI-MSI 524296-edge      megasas0-msix8
 45:          0          0          0          0          0          0          0          0     681890          0          0          0          0          0          0          0  IR-PCI-MSI 524297-edge      megasas0-msix9
 46:          0          0          0          0          0          0          0          0          0     723401          0          0          0          0          0          0  IR-PCI-MSI 524298-edge      megasas0-msix10
 47:          0          0          0          0          0          0          0          0          0          0     678894          0          0          0          0          0  IR-PCI-MSI 524299-edge      megasas0-msix11
 48:          0          0          0          0          0          0          0          0          0          0          0          0          0          0          0          0  DMAR-MSI   0-edge      dmar0
 49:          0          0          0          0          0          0          0          0          0          0          0     694559          0          0          0          0  IR-PCI-MSI 524300-edge      megasas0-msix12
 50:          0          0          0          0          0          0          0          0          0          0          0          0     649088          0          0          0  IR-PCI-MSI 524301-edge      megasas0-msix13
 51:          0          0          0          0          0          0          0          0          0          0          0          0          0     652213          0          0  IR-PCI-MSI 524302-edge      megasas0-msix14
 52:          0          0          0          0          0          0          0          0          0          0          0          0          0          0     640138          0  IR-PCI-MSI 524303-edge      megasas0-msix15
 53:          0          0          0          0          0          0          0          0          0          0          0          0          0          0          0     634781  IR-PCI-MSI 524304-edge      megasas0-msix16
 55:      33426      73270      29392      54070      28784      30315      89311      68699      53966      92408      29596      76283      32315      40086     108838      43720  IR-PCI-MSI 512000-edge      ahci[0000:00:1f.2]
 56:   15406707    3543166    3047570   14467838    7159319    6753972   10565881   12920087   21485472   11068933   34116940   10155480      67509   22392799    4134282   21264444  IR-PCI-MSI 2097152-edge      enp4s0-TxRx-0
 57:    5341054   16928075    5165375    4850329   10346876   13934918   11335212    3890357    6510844    9899270    9767061   19132004   14830936   15828273   22471634    2184185  IR-PCI-MSI 2097153-edge      enp4s0-TxRx-1
 58:    8952214    6730175   17009576   19113800   15080734    9180151    6222476    6621119   24037464   14497666    2264381   16481125   10175982    9636444    6054598    2412133  IR-PCI-MSI 2097154-edge      enp4s0-TxRx-2
 59:   11109387   13630531    6091423   12704025    3780942   11490580   13175251    5141249    3616115   18853301    4299630    8280715    4757627   28147294   17187091   13194719  IR-PCI-MSI 2097155-edge      enp4s0-TxRx-3
 60:   28376917    2923156    5345165    4704989   17865926    5462681    8314062   13054697    3059509   13143354    6149420   20007741   15110573    9786923    8585416   10288616  IR-PCI-MSI 2097156-edge      enp4s0-TxRx-4
 61:   11135004   11707007   12859115   19722187    1133128   12286504   16842714   18456146   10697624    4947964    3470578    8129268    6032492    3339206   12873270   26698371  IR-PCI-MSI 2097157-edge      enp4s0-TxRx-5
 62:    3212478    9846715   15249459    5890879   21469175   16436668    4719461    2659456   13441398   21109112   12178743   10115298   13349873    6635786   13256740    5864577  IR-PCI-MSI 2097158-edge      enp4s0-TxRx-6
 63:    8145952    8753401   24082518   21345611   11046797    2437788    7154936    9508159    6147665    6961822    8225453   17086540   13114188    3597727    7413160   20482510  IR-PCI-MSI 2097159-edge      enp4s0-TxRx-7
 64:   11136771    5635438    4589584    8032480    7008180   17002265   12895281   18268228    5506670   28324288   13219377   15322097    6308485    3811670    6765977    3582425  IR-PCI-MSI 2097160-edge      enp4s0-TxRx-8
 65:    4656340   12247378    1944920   11776267    5618971   23564878   25572162   15151450    9914276    7607073   12910804    4747606   11142297    5337131   14332833   12180641  IR-PCI-MSI 2097161-edge      enp4s0-TxRx-9
 66:    7626404   29110695   18249328   13517220   10939897    6228573    7173241    5098283    8160673    5631973   16606027    6168953   10754363   16253699   16000236    2250076  IR-PCI-MSI 2097162-edge      enp4s0-TxRx-10
 67:      31623   19335998   16793523    5382057   10121768   12440177   10781807    5440923   19067363    3517351    6409339   17510845   29806461    4618323    8410490   13457113  IR-PCI-MSI 2097163-edge      enp4s0-TxRx-11
 68:   25006969    6911990    5666919   14590029    8710011   13402363   14732547    6403494    8678946    8959752   14076544   10484503    5861117   17836961    7634177   11478740  IR-PCI-MSI 2097164-edge      enp4s0-TxRx-12
 69:    6169375   17637053   12604635    4969813   24707404   16075639    5457239   16754089   11941324    3782400   10613226    7451439   12533360   12785347    8084656    4945250  IR-PCI-MSI 2097165-edge      enp4s0-TxRx-13
 70:    7377688    5984575   15569901    9307056    6077722    4361217   14647977   20460567   15347493   10607216   14360002    4237993   16383323    3142740   16239266   16475735  IR-PCI-MSI 2097166-edge      enp4s0-TxRx-14
 71:   23994583    4325813   11141492    9434235   12943756    5534185   11309297   18030754    8322446    8888008   10730155    6050834    7045436   15630621   13956321   10451260  IR-PCI-MSI 2097167-edge      enp4s0-TxRx-15
 72:          9         25         23         14          2          2         21         41          3         12         11          5          2          8         30         13  IR-PCI-MSI 2097168-edge      enp4s0
NMI:       7005       7859       7960       8197       8232       8239       8258       8331       8421       7823       7757       7555       7354       7339       7203       7184   Non-maskable interrupts
LOC:  176384345  157996681  159833499  158616961  153230248  156466317  156471587  157995200  157192088  153255839  157283960  152056654  146988057  152511225  152593913  156220015   Local timer interrupts
SPU:          0          0          0          0          0          0          0          0          0          0          0          0          0          0          0          0   Spurious interrupts
PMI:       7005       7859       7960       8197       8232       8239       8258       8331       8421       7823       7757       7555       7354       7339       7203       7184   Performance monitoring interrupts
IWI:    1953053    1887929    1858883    1841068    1921952    1922096    1896886    1919954    1768502    1859344    1871763    1851678    1861152    1853665    1844379    1878860   IRQ work interrupts
RTR:          1          0          0          0          0          0          0          0          0          0          0          0          0          0          0          0   APIC ICR read retries
RES:    3718225    3515326    3483939    3278363    3351125    3203980    3351160    3342441    3394148    3506470    3522079    3590378    3366375    3309543    3615234    3365792   Rescheduling interrupts
CAL:   48593552   37237935   33917744   32453165   32734684   32385188   32437812   32271927   31826945   31782180   31792836   31611892   31738049   31643437   31751340   31475143   Function call interrupts
TLB:    9797603   10373045   10256893   10421813   10582989   10596900   10555405   10711950   10536020   10413848   10408937   10247682   10199682   10346019   10216337   10046966   TLB shootdowns
TRM:          0          0          0          0          0          0          0          0          0          0          0          0          0          0          0          0   Thermal event interrupts
THR:          0          0          0          0          0          0          0          0          0          0          0          0          0          0          0          0   Threshold APIC interrupts
DFR:          0          0          0          0          0          0          0          0          0          0          0          0          0          0          0          0   Deferred Error APIC interrupts
MCE:          0          0          0          0          0          0          0          0          0          0          0          0          0          0          0          0   Machine check exceptions
MCP:       5663       5663       5663       5663       5663       5663       5663       5663       5663       5663       5663       5663       5663       5663       5663       5663   Machine check polls
ERR:          0
MIS:          0
PIN:          0          0          0          0          0          0          0          0          0          0          0          0          0          0          0          0   Posted-interrupt notification event
NPI:          0          0          0          0          0          0          0          0          0          0          0          0          0          0          0          0   Nested posted-interrupt event
PIW:          0          0          0          0          0          0          0          0          0          0          0          0          0          0          0          0   Posted-interrupt wakeup event
